0 0.000000
60 0.000000
120 0.000000
180 0.000000
240 0.000000
300 0.000000
360 0.000000
420 0.000000
480 0.000000
540 0.000000
600 0.000000
660 0.000000
720 0.000000
780 0.000000
840 0.000000
900 0.000000
960 0.000000
1020 0.000000
1080 0.000000
1140 0.000000
1200 0.000000
1260 0.000000
1320 0.000000
1380 0.000000
1440 0.000000
1500 0.000000
1560 0.000000
1620 0.000000
1680 0.000000
1740 0.000000
1800 0.000000
1860 0.000000
1920 0.000000
1980 0.000000
2040 0.000000
2100 0.000000
2160 0.000000
2220 0.000000
2280 0.000000
2340 0.000000
2400 0.000000
2460 0.000000
2520 0.000000
2580 0.000000
2640 0.000000
2700 0.000000
2760 0.000000
2820 0.000000
2880 0.000000
2940 0.000000
3000 0.000000
3060 0.000000
3120 0.000000
3180 0.000000
3240 0.000000
3300 0.000000
3360 0.000000
3420 0.000000
3480 0.000000
3540 0.000000
3600 0.000000
3660 0.000000
3720 0.000000
3780 0.000000
3840 0.000000
3900 0.000000
3960 0.000000
4020 0.000000
4080 0.000000
4140 0.000000
4200 0.000000
4260 0.000000
4320 0.000000
4380 0.000000
4440 0.000000
4500 0.000000
4560 0.000000
4620 0.000000
4680 0.000000
4740 0.000000
4800 0.000000
4860 0.000000
4920 0.000000
4980 0.000000
5040 0.000000
5100 0.000000
5160 0.000000
5220 0.000000
5280 0.000000
5340 0.000000
5400 0.000000
5460 0.000000
5520 0.000000
5580 0.000000
5640 0.000000
5700 0.000000
5760 0.000000
5820 0.000000
5880 0.000000
5940 0.000000
6000 0.000000
6060 0.000000
6120 0.000000
6180 0.000000
6240 0.000000
6300 0.000000
6360 0.000000
6420 0.000000
6480 0.000000
6540 0.000000
6600 0.000000
6660 0.000000
6720 0.000000
6780 0.000000
6840 0.000000
6900 0.000000
6960 0.000000
7020 0.000000
7080 0.000000
7140 0.000000
7200 0.000000
7260 0.000000
7320 0.000000
7380 0.000000
7440 0.000000
7500 0.000000
7560 0.000000
7620 0.000000
7680 0.000000
7740 0.000000
7800 0.000000
7860 0.000000
7920 0.000000
7980 0.000000
8040 0.000000
8100 0.000000
8160 0.000000
8220 0.000000
8280 0.000000
8340 0.000000
8400 0.000000
8460 0.000000
8520 0.000000
8580 0.000000
8640 0.000000
8700 0.000000
8760 0.000000
8820 0.000000
8880 0.000000
8940 0.000000
9000 0.000000
9060 0.000000
9120 0.000000
9180 0.000000
9240 0.000000
9300 0.000000
9360 0.000000
9420 0.000000
9480 0.000000
9540 0.000000
9600 0.000000
9660 0.000000
9720 0.000000
9780 0.000000
9840 0.000000
9900 0.000000
9960 0.000000
10020 0.000000
0 0.000000
60 0.000000
120 0.000000
180 0.000000
240 0.000000
300 0.000000
360 0.000000
420 0.000000
480 0.000000
540 0.000000
600 0.000000
660 0.000000
720 0.000000
780 0.000000
840 0.000000
900 0.000000
960 0.000000
1020 0.000000
1080 0.000000
1140 0.000000
1200 0.000000
1260 0.000000
1320 0.000000
1380 0.000000
1440 0.000000
1500 0.000000
1560 0.000000
1620 0.000000
1680 0.000000
1740 0.000000
1800 0.000000
1860 0.000000
1920 0.000000
1980 0.000000
2040 0.000000
2100 0.000000
2160 0.000000
2220 0.000000
2280 0.000000
2340 0.000000
2400 0.000000
2460 0.000000
2520 0.000000
2580 0.000000
2640 0.000000
2700 0.000000
2760 0.000000
2820 0.000000
2880 0.000000
2940 0.000000
3000 0.000000
3060 0.000000
3120 0.000000
3180 0.000000
3240 0.000000
3300 0.000000
3360 0.000000
3420 0.000000
3480 0.000000
3540 0.000000
3600 0.000000
3660 0.000000
3720 0.000000
3780 0.000000
3840 0.000000
3900 0.000000
3960 0.000000
4020 0.000000
4080 0.000000
4140 0.000000
4200 0.000000
4260 0.000000
4320 0.000000
4380 0.000000
4440 0.000000
4500 0.000000
4560 0.000000
4620 0.000000
4680 0.000000
4740 0.000000
4800 0.000000
4860 0.000000
4920 0.000000
4980 0.000000
5040 0.000000
5100 0.000000
5160 0.000000
5220 0.000000
5280 0.000000
5340 0.000000
5400 0.000000
5460 0.000000
5520 0.000000
5580 0.000000
5640 0.000000
5700 0.000000
5760 0.000000
5820 0.000000
5880 0.000000
5940 0.000000
6000 0.000000
6060 0.000000
6120 0.000000
6180 0.000000
6240 0.000000
6300 0.000000
6360 0.000000
6420 0.000000
6480 0.000000
6540 0.000000
6600 0.000000
6660 0.000000
6720 0.000000
6780 0.000000
6840 0.000000
6900 0.000000
6960 0.000000
7020 0.000000
7080 0.000000
7140 0.000000
7200 0.000000
7260 0.000000
7320 0.000000
7380 0.000000
7440 0.000000
7500 0.000000
7560 0.000000
7620 0.000000
7680 0.000000
7740 0.000000
7800 0.000000
7860 0.000000
7920 0.000000
7980 0.000000
8040 0.000000
8100 0.000000
8160 0.000000
8220 0.000000
8280 0.000000
8340 0.000000
8400 0.000000
8460 0.000000
8520 0.000000
8580 0.000000
8640 0.000000
8700 0.000000
8760 0.000000
8820 0.000000
8880 0.000000
8940 0.000000
9000 0.000000
9060 0.000000
9120 0.000000
9180 0.000000
9240 0.000000
9300 0.000000
9360 0.000000
9420 0.000000
9480 0.000000
9540 0.000000
9600 0.000000
9660 0.000000
9720 0.000000
9780 0.000000
9840 0.000000
9900 0.000000
9960 0.000000
10020 0.000000
10080 0.000000
10140 0.000000
10200 0.000000
10260 0.000000
10320 0.000000
10380 0.000000
10440 0.000000
10500 0.000000
10560 0.000000
10620 0.000000
10680 0.000000
10740 0.000000
10800 0.000000
10860 0.000000
10920 0.000000
10980 0.000000
11040 0.000000
11100 0.000000
11160 0.000000
11220 0.000000
11280 0.000000
11340 0.000000
11400 0.000000
11460 0.000000
11520 0.000000
11580 0.000000
11640 0.000000
11700 0.000000
11760 0.000000
11820 0.000000
11880 0.000000
11940 0.000000
12000 0.000000
12060 0.000000
12120 0.000000
12180 0.000000
12240 0.000000
12300 0.000000
12360 0.000000
12420 0.000000
12480 0.000000
12540 0.000000
12600 0.000000
12660 0.000000
12720 0.000000
12780 0.000000
12840 0.000000
12900 0.000000
12960 0.000000
13020 0.000000
13080 0.000000
13140 0.000000
13200 0.000000
13260 0.000000
13320 0.000000
13380 0.000000
13440 0.000000
13500 0.000000
13560 0.000000
13620 0.000000
13680 0.000000
13740 0.000000
13800 0.000000
13860 0.000000
13920 0.000000
13980 0.000000
14040 0.000000
14100 0.000000
14160 0.000000
14220 0.000000
14280 0.000000
14340 0.000000
14400 0.000000
14460 0.000000
14520 0.000000
14580 0.000000
14640 0.000000
14700 0.000000
14760 0.000000
14820 0.000000
14880 0.000000
14940 0.000000
15000 0.000000
15060 0.000000
15120 0.000000
15180 0.000000
15240 0.000000
15300 0.000000
15360 0.000000
15420 0.000000
15480 0.000000
15540 0.000000
15600 0.000000
15660 0.000000
15720 0.000000
15780 0.000000
15840 0.000000
15900 0.000000
15960 0.000000
16020 0.000000
16080 0.000000
16140 0.000000
16200 0.000000
16260 0.000000
16320 0.000000
16380 0.000000
16440 0.000000
16500 0.000000
16560 0.000000
16620 0.000000
16680 0.000000
16740 0.000000
16800 0.000000
16860 0.000000
16920 0.000000
16980 0.000000
17040 0.000000
17100 0.000000
17160 0.000000
17220 0.000000
17280 0.000000
17340 0.000000
17400 0.000000
17460 0.000000
17520 0.000000
17580 0.000000
17640 0.000000
17700 0.000000
17760 0.000000
17820 0.000000
17880 0.000000
17940 0.000000
18000 0.000000
18060 0.000000
18120 0.000000
18180 0.000000
18240 0.000000
18300 0.000000
18360 0.000000
18420 0.000000
18480 0.000000
18540 0.000000
18600 0.000000
18660 0.000000
18720 0.000000
18780 0.000000
18840 0.000000
18900 0.000000
18960 0.000000
19020 0.000000
19080 0.000000
19140 0.000000
19200 0.000000
19260 0.000000
19320 0.000000
19380 0.000000
19440 0.000000
19500 0.000000
19560 0.000000
19620 0.000000
19680 0.000000
19740 0.000000
19800 0.000000
19860 0.000000
19920 0.000000
19980 0.000000
20040 0.000000
20100 0.000000
20160 0.000000
20220 0.000000
20280 0.000000
20340 0.000000
20400 0.000000
20460 0.000000
20520 0.000000
20580 0.000000
20640 0.000000
20700 0.000000
20760 0.000000
20820 0.000000
20880 0.000000
20940 0.000000
21000 0.000000
21060 0.000000
21120 0.000000
21180 0.000000
21240 0.000000
21300 0.000000
21360 0.000000
21420 0.000000
21480 0.000000
21540 0.000000
21600 0.000000
21660 0.000000
21720 0.000000
21780 0.000000
21840 0.000000
21900 0.000000
21960 0.000000
22020 0.000000
22080 0.000000
22140 0.000000
22200 0.000000
22260 0.000000
22320 0.000000
22380 0.000000
22440 0.000000
22500 0.000000
22560 0.000000
22620 0.000000
22680 0.000000
22740 0.000000
22800 0.000000
22860 0.000000
22920 0.000000
22980 0.000000
23040 0.000000
23100 0.000000
23160 0.000000
23220 0.000000
23280 0.000000
23340 0.000000
23400 0.000000
23460 0.000000
23520 0.000000
23580 0.000000
23640 0.000000
23700 0.000000
23760 0.000000
23820 0.000000
23880 0.000000
23940 0.000000
24000 0.000000
24060 0.000000
24120 0.000000
24180 0.000000
24240 0.000000
24300 0.000000
24360 0.000000
24420 0.000000
24480 0.000000
24540 0.000000
24600 0.000000
24660 0.000000
24720 0.000000
24780 0.000000
24840 0.000000
24900 0.000000
24960 0.000000
25020 0.000000
25080 0.000000
25140 0.000000
25200 0.000000
25260 0.000000
25320 0.000000
25380 0.000000
25440 0.000000
25500 0.000000
25560 0.000000
25620 0.000000
25680 0.000000
25740 0.000000
25800 0.000000
25860 0.000000
25920 0.000000
25980 0.000000
26040 0.000000
26100 0.000000
26160 0.000000
26220 0.000000
26280 0.000000
26340 0.000000
26400 0.000000
26460 0.000000
26520 0.000000
26580 0.000000
26640 0.000000
26700 0.000000
26760 0.000000
26820 0.000000
26880 0.000000
26940 0.000000
27000 0.000000
27060 0.000000
27120 0.000000
27180 0.000000
27240 0.000000
27300 0.000000
27360 0.000000
27420 0.000000
27480 0.000000
27540 0.000000
27600 0.000000
27660 0.000000
27720 0.000000
27780 0.000000
27840 0.000000
27900 0.000000
27960 0.000000
28020 0.000000
28080 0.000000
28140 0.000000
28200 0.000000
28260 0.000000
28320 0.000000
28380 0.000000
28440 0.000000
28500 0.000000
28560 0.000000
28620 0.000000
28680 0.000000
28740 0.000000
28800 0.000000
28860 0.000000
28920 0.000000
28980 0.000000
29040 0.000000
29100 0.000000
29160 0.000000
29220 0.000000
29280 0.000000
29340 0.000000
29400 0.000000
29460 0.000000
29520 0.000000
29580 0.000000
29640 0.000000
29700 0.000000
29760 0.000000
29820 0.000000
29880 0.000000
29940 0.000000
30000 0.000000
30060 0.000000
30120 0.000000
30180 0.000000
30240 0.000000
30300 0.000000
30360 0.000000
30420 0.000000
30480 0.000000
30540 0.000000
30600 0.000000
30660 0.000000
30720 0.000000
30780 0.000000
30840 0.000000
30900 0.000000
30960 0.000000
31020 0.000000
31080 0.000000
31140 0.000000
31200 0.000000
31260 0.000000
31320 0.000000
31380 0.000000
31440 0.000000
31500 0.000000
31560 0.000000
31620 0.000000
31680 0.000000
31740 0.000000
31800 0.000000
31860 0.000000
31920 0.000000
31980 0.000000
32040 0.000000
32100 0.000000
32160 0.000000
32220 0.000000
32280 0.000000
32340 0.000000
32400 0.000000
32460 0.000000
32520 0.000000
32580 0.000000
32640 0.000000
32700 0.000000
32760 0.000000
32820 0.000000
32880 0.000000
32940 0.000000
33000 0.000000
33060 0.000000
33120 0.000000
33180 0.000000
33240 0.000000
33300 0.000000
33360 0.000000
33420 0.000000
33480 0.000000
33540 0.000000
33600 0.000000
33660 0.000000
33720 0.000000
33780 0.000000
33840 0.000000
33900 0.000000
33960 0.000000
34020 0.000000
34080 0.000000
34140 0.000000
34200 0.000000
34260 0.000000
34320 0.000000
34380 0.000000
34440 0.000000
34500 0.000000
34560 0.000000
34620 0.000000
34680 0.000000
34740 0.000000
34800 0.000000
34860 0.000000
34920 0.000000
34980 0.000000
35040 0.000000
35100 0.000000
35160 0.000000
35220 0.000000
35280 0.000000
35340 0.000000
35400 0.000000
35460 0.000000
35520 0.000000
35580 0.000000
35640 0.000000
35700 0.000000
35760 0.000000
35820 0.000000
35880 0.000000
35940 0.000000
36000 0.000000
36060 0.000000
36120 0.000000
36180 0.000000
36240 0.000000
36300 0.000000
36360 0.000000
36420 0.000000
36480 0.000000
36540 0.000000
36600 0.000000
36660 0.000000
36720 0.000000
36780 0.000000
36840 0.000000
36900 0.000000
36960 0.000000
37020 0.000000
37080 0.000000
37140 0.000000
37200 0.000000
37260 0.000000
37320 0.000000
37380 0.000000
37440 0.000000
37500 0.000000
37560 0.000000
37620 0.000000
37680 0.000000
37740 0.000000
37800 0.000000
37860 0.000000
37920 0.000000
37980 0.000000
38040 0.000000
38100 0.000000
38160 0.000000
38220 0.000000
38280 0.000000
38340 0.000000
38400 0.000000
38460 0.000000
38520 0.000000
38580 0.000000
38640 0.000000
38700 0.000000
38760 0.000000
38820 0.000000
38880 0.000000
38940 0.000000
39000 0.000000
39060 0.000000
39120 0.000000
39180 0.000000
39240 0.000000
39300 0.000000
39360 0.000000
39420 0.000000
39480 0.000000
39540 0.000000
39600 0.000000
39660 0.000000
39720 0.000000
39780 0.000000
39840 0.000000
39900 0.000000
39960 0.000000
40020 0.000000
40080 0.000000
40140 0.000000
40200 0.000000
40260 0.000000
40320 0.000000
40380 0.000000
40440 0.000000
40500 0.000000
40560 0.000000
40620 0.000000
40680 0.000000
40740 0.000000
40800 0.000000
40860 0.000000
40920 0.000000
40980 0.000000
41040 0.000000
41100 0.000000
41160 0.000000
41220 0.000000
41280 0.000000
41340 0.000000
41400 0.000000
41460 0.000000
41520 0.000000
41580 0.000000
41640 0.000000
41700 0.000000
41760 0.000000
41820 0.000000
41880 0.000000
41940 0.000000
42000 0.000000
42060 0.000000
42120 0.000000
42180 0.000000
42240 0.000000
42300 0.000000
42360 0.000000
42420 0.000000
42480 0.000000
42540 0.000000
42600 0.000000
42660 0.000000
42720 0.000000
42780 0.000000
42840 0.000000
42900 0.000000
42960 0.000000
43020 0.000000
43080 0.000000
43140 0.000000
