0 20.000000
60 23.154762
120 26.309524
180 29.464286
240 32.619048
300 35.773810
360 38.928571
420 42.083333
480 45.238095
540 48.392857
600 51.547619
660 54.702381
720 57.857143
780 61.011905
840 64.166667
900 67.321429
960 70.476190
1020 73.630952
1080 76.785714
1140 79.940476
1200 83.095238
1260 86.250000
1320 89.404762
1380 92.559524
1440 95.714286
1500 98.869048
1560 102.023810
1620 105.178571
1680 108.333333
1740 111.488095
1800 114.642857
1860 117.797619
1920 120.952381
1980 124.107143
2040 127.261905
2100 130.416667
2160 133.571429
2220 136.726190
2280 139.880952
2340 143.035714
2400 146.190476
2460 149.345238
2520 152.500000
2580 155.654762
2640 158.809524
2700 161.964286
2760 165.119048
2820 168.273810
2880 171.428571
2940 174.583333
3000 177.738095
3060 180.892857
3120 184.047619
3180 187.202381
3240 190.357143
3300 193.511905
3360 196.666667
3420 199.821429
3480 202.976190
3540 206.130952
3600 209.285714
3660 212.440476
3720 215.595238
3780 218.750000
3840 221.904762
3900 225.059524
3960 228.214286
4020 231.369048
4080 234.523810
4140 237.678571
4200 240.833333
4260 243.988095
4320 247.142857
4380 250.297619
4440 253.452381
4500 256.607143
4560 259.761905
4620 262.916667
4680 266.071429
4740 269.226190
4800 272.380952
4860 275.535714
4920 278.690476
4980 281.845238
5040 285.000000
5100 288.154762
5160 291.309524
5220 294.464286
5280 297.619048
5340 300.773810
5400 303.928571
5460 307.083333
5520 310.238095
5580 313.392857
5640 316.547619
5700 319.702381
5760 322.857143
5820 326.011905
5880 329.166667
5940 332.321429
6000 335.476190
6060 338.630952
6120 341.785714
6180 344.940476
6240 348.095238
6300 351.250000
6360 354.404762
6420 357.559524
6480 360.714286
6540 363.869048
6600 367.023810
6660 370.178571
6720 373.333333
6780 376.488095
6840 379.642857
6900 382.797619
6960 385.952381
7020 389.107143
7080 392.261905
7140 395.416667
7200 398.571429
7260 401.726190
7320 404.880952
7380 408.035714
7440 411.190476
7500 414.345238
7560 417.500000
7620 420.654762
7680 423.809524
7740 426.964286
7800 430.119048
7860 433.273810
7920 436.428571
7980 439.583333
8040 442.738095
8100 445.892857
8160 449.047619
8220 452.202381
8280 455.357143
8340 458.511905
8400 461.666667
8460 464.821429
8520 467.976190
8580 471.130952
8640 474.285714
8700 477.440476
8760 480.595238
8820 483.750000
8880 486.904762
8940 490.059524
9000 493.214286
9060 496.369048
9120 499.523810
9180 502.678571
9240 505.833333
9300 508.988095
9360 512.142857
9420 515.297619
9480 518.452381
9540 521.607143
9600 524.761905
9660 527.916667
9720 531.071429
9780 534.226190
9840 537.380952
9900 540.535714
9960 543.690476
10020 546.845238
0 550.000000
60 583.333333
120 616.666667
180 650.000000
240 683.333333
300 716.666667
360 750.000000
420 783.333333
480 816.666667
540 850.000000
600 883.333333
660 916.666667
720 950.000000
780 925.000000
840 900.000000
900 875.000000
960 850.000000
1020 825.000000
1080 800.000000
1140 775.000000
1200 750.000000
1260 725.000000
1320 700.000000
1380 675.000000
1440 650.000000
1500 683.333333
1560 716.666667
1620 750.000000
1680 783.333333
1740 816.666667
1800 850.000000
1860 883.333333
1920 916.666667
1980 950.000000
2040 983.333333
2100 1016.666667
2160 1050.000000
2220 1025.000000
2280 1000.000000
2340 975.000000
2400 950.000000
2460 925.000000
2520 900.000000
2580 875.000000
2640 850.000000
2700 825.000000
2760 800.000000
2820 775.000000
2880 750.000000
2940 783.333333
3000 816.666667
3060 850.000000
3120 883.333333
3180 916.666667
3240 950.000000
3300 983.333333
3360 1016.666667
3420 1050.000000
3480 1083.333333
3540 1116.666667
3600 1150.000000
3660 1125.000000
3720 1100.000000
3780 1075.000000
3840 1050.000000
3900 1025.000000
3960 1000.000000
4020 975.000000
4080 950.000000
4140 925.000000
4200 900.000000
4260 875.000000
4320 850.000000
4380 883.333333
4440 916.666667
4500 950.000000
4560 983.333333
4620 1016.666667
4680 1050.000000
4740 1083.333333
4800 1116.666667
4860 1150.000000
4920 1183.333333
4980 1216.666667
5040 1250.000000
5100 1225.000000
5160 1200.000000
5220 1175.000000
5280 1150.000000
5340 1125.000000
5400 1100.000000
5460 1075.000000
5520 1050.000000
5580 1025.000000
5640 1000.000000
5700 975.000000
5760 950.000000
5820 983.333333
5880 1016.666667
5940 1050.000000
6000 1083.333333
6060 1116.666667
6120 1150.000000
6180 1183.333333
6240 1216.666667
6300 1250.000000
6360 1283.333333
6420 1316.666667
6480 1350.000000
6540 1325.000000
6600 1300.000000
6660 1275.000000
6720 1250.000000
6780 1225.000000
6840 1200.000000
6900 1175.000000
6960 1150.000000
7020 1125.000000
7080 1100.000000
7140 1075.000000
7200 1050.000000
7260 1083.333333
7320 1116.666667
7380 1150.000000
7440 1183.333333
7500 1216.666667
7560 1250.000000
7620 1283.333333
7680 1316.666667
7740 1350.000000
7800 1383.333333
7860 1416.666667
7920 1450.000000
7980 1425.000000
8040 1400.000000
8100 1375.000000
8160 1350.000000
8220 1325.000000
8280 1300.000000
8340 1275.000000
8400 1250.000000
8460 1225.000000
8520 1200.000000
8580 1175.000000
8640 1150.000000
8700 1183.333333
8760 1216.666667
8820 1250.000000
8880 1283.333333
8940 1316.666667
9000 1350.000000
9060 1383.333333
9120 1416.666667
9180 1450.000000
9240 1483.333333
9300 1516.666667
9360 1550.000000
9420 1525.000000
9480 1500.000000
9540 1475.000000
9600 1450.000000
9660 1425.000000
9720 1400.000000
9780 1375.000000
9840 1350.000000
9900 1325.000000
9960 1300.000000
10020 1275.000000
10080 1250.000000
10140 1283.333333
10200 1316.666667
10260 1350.000000
10320 1383.333333
10380 1416.666667
10440 1450.000000
10500 1483.333333
10560 1516.666667
10620 1550.000000
10680 1583.333333
10740 1616.666667
10800 1650.000000
10860 1625.000000
10920 1600.000000
10980 1575.000000
11040 1550.000000
11100 1525.000000
11160 1500.000000
11220 1475.000000
11280 1450.000000
11340 1425.000000
11400 1400.000000
11460 1375.000000
11520 1350.000000
11580 1383.333333
11640 1416.666667
11700 1450.000000
11760 1483.333333
11820 1516.666667
11880 1550.000000
11940 1583.333333
12000 1616.666667
12060 1650.000000
12120 1683.333333
12180 1716.666667
12240 1750.000000
12300 1725.000000
12360 1700.000000
12420 1675.000000
12480 1650.000000
12540 1625.000000
12600 1600.000000
12660 1575.000000
12720 1550.000000
12780 1525.000000
12840 1500.000000
12900 1475.000000
12960 1450.000000
13020 1483.333333
13080 1516.666667
13140 1550.000000
13200 1583.333333
13260 1616.666667
13320 1650.000000
13380 1683.333333
13440 1716.666667
13500 1750.000000
13560 1783.333333
13620 1816.666667
13680 1850.000000
13740 1825.000000
13800 1800.000000
13860 1775.000000
13920 1750.000000
13980 1725.000000
14040 1700.000000
14100 1675.000000
14160 1650.000000
14220 1625.000000
14280 1600.000000
14340 1575.000000
14400 1550.000000
14460 1583.333333
14520 1616.666667
14580 1650.000000
14640 1683.333333
14700 1716.666667
14760 1750.000000
14820 1783.333333
14880 1816.666667
14940 1850.000000
15000 1883.333333
15060 1916.666667
15120 1950.000000
15180 1925.000000
15240 1900.000000
15300 1875.000000
15360 1850.000000
15420 1825.000000
15480 1800.000000
15540 1775.000000
15600 1750.000000
15660 1725.000000
15720 1700.000000
15780 1675.000000
15840 1650.000000
15900 1683.333333
15960 1716.666667
16020 1750.000000
16080 1783.333333
16140 1816.666667
16200 1850.000000
16260 1883.333333
16320 1916.666667
16380 1950.000000
16440 1983.333333
16500 2016.666667
16560 2050.000000
16620 2025.000000
16680 2000.000000
16740 1975.000000
16800 1950.000000
16860 1925.000000
16920 1900.000000
16980 1875.000000
17040 1850.000000
17100 1825.000000
17160 1800.000000
17220 1775.000000
17280 1750.000000
17340 1783.333333
17400 1816.666667
17460 1850.000000
17520 1883.333333
17580 1916.666667
17640 1950.000000
17700 1983.333333
17760 2016.666667
17820 2050.000000
17880 2083.333333
17940 2116.666667
18000 2150.000000
18060 2125.000000
18120 2100.000000
18180 2075.000000
18240 2050.000000
18300 2025.000000
18360 2000.000000
18420 1975.000000
18480 1950.000000
18540 1925.000000
18600 1900.000000
18660 1875.000000
18720 1850.000000
18780 1883.333333
18840 1916.666667
18900 1950.000000
18960 1983.333333
19020 2016.666667
19080 2050.000000
19140 2083.333333
19200 2116.666667
19260 2150.000000
19320 2183.333333
19380 2216.666667
19440 2250.000000
19500 2225.000000
19560 2200.000000
19620 2175.000000
19680 2150.000000
19740 2125.000000
19800 2100.000000
19860 2075.000000
19920 2050.000000
19980 2025.000000
20040 2000.000000
20100 1975.000000
20160 1950.000000
20220 1983.333333
20280 2016.666667
20340 2050.000000
20400 2083.333333
20460 2116.666667
20520 2150.000000
20580 2183.333333
20640 2216.666667
20700 2250.000000
20760 2283.333333
20820 2316.666667
20880 2350.000000
20940 2325.000000
21000 2300.000000
21060 2275.000000
21120 2250.000000
21180 2225.000000
21240 2200.000000
21300 2175.000000
21360 2150.000000
21420 2125.000000
21480 2100.000000
21540 2075.000000
21600 2050.000000
21660 2083.333333
21720 2116.666667
21780 2150.000000
21840 2183.333333
21900 2216.666667
21960 2250.000000
22020 2283.333333
22080 2316.666667
22140 2350.000000
22200 2383.333333
22260 2416.666667
22320 2450.000000
22380 2425.000000
22440 2400.000000
22500 2375.000000
22560 2350.000000
22620 2325.000000
22680 2300.000000
22740 2275.000000
22800 2250.000000
22860 2225.000000
22920 2200.000000
22980 2175.000000
23040 2150.000000
23100 2183.333333
23160 2216.666667
23220 2250.000000
23280 2283.333333
23340 2316.666667
23400 2350.000000
23460 2383.333333
23520 2416.666667
23580 2450.000000
23640 2483.333333
23700 2516.666667
23760 2550.000000
23820 2525.000000
23880 2500.000000
23940 2475.000000
24000 2450.000000
24060 2425.000000
24120 2400.000000
24180 2375.000000
24240 2350.000000
24300 2325.000000
24360 2300.000000
24420 2275.000000
24480 2250.000000
24540 2283.333333
24600 2316.666667
24660 2350.000000
24720 2383.333333
24780 2416.666667
24840 2450.000000
24900 2483.333333
24960 2516.666667
25020 2550.000000
25080 2583.333333
25140 2616.666667
25200 2650.000000
25260 2625.000000
25320 2600.000000
25380 2575.000000
25440 2550.000000
25500 2525.000000
25560 2500.000000
25620 2475.000000
25680 2450.000000
25740 2425.000000
25800 2400.000000
25860 2375.000000
25920 2350.000000
25980 2383.333333
26040 2416.666667
26100 2450.000000
26160 2483.333333
26220 2516.666667
26280 2550.000000
26340 2583.333333
26400 2616.666667
26460 2650.000000
26520 2683.333333
26580 2716.666667
26640 2750.000000
26700 2725.000000
26760 2700.000000
26820 2675.000000
26880 2650.000000
26940 2625.000000
27000 2600.000000
27060 2575.000000
27120 2550.000000
27180 2525.000000
27240 2500.000000
27300 2475.000000
27360 2450.000000
27420 2483.333333
27480 2516.666667
27540 2550.000000
27600 2583.333333
27660 2616.666667
27720 2650.000000
27780 2683.333333
27840 2716.666667
27900 2750.000000
27960 2783.333333
28020 2816.666667
28080 2850.000000
28140 2825.000000
28200 2800.000000
28260 2775.000000
28320 2750.000000
28380 2725.000000
28440 2700.000000
28500 2675.000000
28560 2650.000000
28620 2625.000000
28680 2600.000000
28740 2575.000000
28800 2550.000000
28860 2583.333333
28920 2616.666667
28980 2650.000000
29040 2683.333333
29100 2716.666667
29160 2750.000000
29220 2783.333333
29280 2816.666667
29340 2850.000000
29400 2883.333333
29460 2916.666667
29520 2950.000000
29580 2925.000000
29640 2900.000000
29700 2875.000000
29760 2850.000000
29820 2825.000000
29880 2800.000000
29940 2775.000000
30000 2750.000000
30060 2725.000000
30120 2700.000000
30180 2675.000000
30240 2650.000000
30300 2683.333333
30360 2716.666667
30420 2750.000000
30480 2783.333333
30540 2816.666667
30600 2850.000000
30660 2883.333333
30720 2916.666667
30780 2950.000000
30840 2983.333333
30900 3016.666667
30960 3050.000000
31020 3025.000000
31080 3000.000000
31140 2975.000000
31200 2950.000000
31260 2925.000000
31320 2900.000000
31380 2875.000000
31440 2850.000000
31500 2825.000000
31560 2800.000000
31620 2775.000000
31680 2750.000000
31740 2783.333333
31800 2816.666667
31860 2850.000000
31920 2883.333333
31980 2916.666667
32040 2950.000000
32100 2983.333333
32160 3016.666667
32220 3050.000000
32280 3083.333333
32340 3116.666667
32400 3150.000000
32460 3125.000000
32520 3100.000000
32580 3075.000000
32640 3050.000000
32700 3025.000000
32760 3000.000000
32820 2975.000000
32880 2950.000000
32940 2925.000000
33000 2900.000000
33060 2875.000000
33120 2850.000000
33180 2883.333333
33240 2916.666667
33300 2950.000000
33360 2983.333333
33420 3016.666667
33480 3050.000000
33540 3083.333333
33600 3116.666667
33660 3150.000000
33720 3183.333333
33780 3216.666667
33840 3250.000000
33900 3225.000000
33960 3200.000000
34020 3175.000000
34080 3150.000000
34140 3125.000000
34200 3100.000000
34260 3075.000000
34320 3050.000000
34380 3025.000000
34440 3000.000000
34500 2975.000000
34560 2950.000000
34620 2983.333333
34680 3016.666667
34740 3050.000000
34800 3083.333333
34860 3116.666667
34920 3150.000000
34980 3183.333333
35040 3216.666667
35100 3250.000000
35160 3283.333333
35220 3316.666667
35280 3350.000000
35340 3325.000000
35400 3300.000000
35460 3275.000000
35520 3250.000000
35580 3225.000000
35640 3200.000000
35700 3175.000000
35760 3150.000000
35820 3125.000000
35880 3100.000000
35940 3075.000000
36000 3050.000000
36060 3083.333333
36120 3116.666667
36180 3150.000000
36240 3183.333333
36300 3216.666667
36360 3250.000000
36420 3283.333333
36480 3316.666667
36540 3350.000000
36600 3383.333333
36660 3416.666667
36720 3450.000000
36780 3425.000000
36840 3400.000000
36900 3375.000000
36960 3350.000000
37020 3325.000000
37080 3300.000000
37140 3275.000000
37200 3250.000000
37260 3225.000000
37320 3200.000000
37380 3175.000000
37440 3150.000000
37500 3183.333333
37560 3216.666667
37620 3250.000000
37680 3283.333333
37740 3316.666667
37800 3350.000000
37860 3383.333333
37920 3416.666667
37980 3450.000000
38040 3483.333333
38100 3516.666667
38160 3550.000000
38220 3525.000000
38280 3500.000000
38340 3475.000000
38400 3450.000000
38460 3425.000000
38520 3400.000000
38580 3375.000000
38640 3350.000000
38700 3325.000000
38760 3300.000000
38820 3275.000000
38880 3250.000000
38940 3283.333333
39000 3316.666667
39060 3350.000000
39120 3383.333333
39180 3416.666667
39240 3450.000000
39300 3483.333333
39360 3516.666667
39420 3550.000000
39480 3583.333333
39540 3616.666667
39600 3650.000000
39660 3625.000000
39720 3600.000000
39780 3575.000000
39840 3550.000000
39900 3525.000000
39960 3500.000000
40020 3475.000000
40080 3450.000000
40140 3425.000000
40200 3400.000000
40260 3375.000000
40320 3350.000000
40380 3383.333333
40440 3416.666667
40500 3450.000000
40560 3483.333333
40620 3516.666667
40680 3550.000000
40740 3583.333333
40800 3616.666667
40860 3650.000000
40920 3683.333333
40980 3716.666667
41040 3750.000000
41100 3725.000000
41160 3700.000000
41220 3675.000000
41280 3650.000000
41340 3625.000000
41400 3600.000000
41460 3575.000000
41520 3550.000000
41580 3525.000000
41640 3500.000000
41700 3475.000000
41760 3450.000000
41820 3483.333333
41880 3516.666667
41940 3550.000000
42000 3583.333333
42060 3616.666667
42120 3650.000000
42180 3683.333333
42240 3716.666667
42300 3750.000000
42360 3783.333333
42420 3816.666667
42480 3850.000000
42540 3825.000000
42600 3800.000000
42660 3775.000000
42720 3750.000000
42780 3725.000000
42840 3700.000000
42900 3675.000000
42960 3650.000000
43020 3625.000000
43080 3600.000000
43140 3575.000000
